0 137 0
1 124 0
2 230 0
3 382 0
4 142 0
5 225 0
6 311 0
7 284 0
8 100 0
9 207 0
10 315 0
11 208 0
12 106 0
13 78 0
14 529 0
15 135 0
16 327 0
17 198 0
18 226 0
19 249 0
20 233 0
21 366 0
22 415 0
23 542 0
24 245 0
25 163 0
26 201 0
27 452 0
28 267 0
29 204 0
30 327 0
31 74 0
32 287 0
33 120 0
34 260 0
35 357 0
36 349 0
37 123 0
38 153 0
39 200 0
40 686 0
41 186 0
42 225 0
43 531 0
44 192 0
45 106 0
46 183 0
47 325 0
48 615 0
49 383 0
50 478 0
51 122 0
52 282 0
53 107 0
54 409 0
66 190 3
67 132 3
68 133 3
69 242 3
70 98 3
71 176 3
72 119 3
73 126 3
74 76 3
75 97 3
76 123 3
77 113 3
78 93 3
79 85 3
80 92 3
81 104 3
82 192 3
83 103 3
84 94 3
85 94 3
86 86 3
87 113 3
88 147 3
89 277 3
90 334 3
91 210 3
92 124 3
93 297 3
94 120 3
95 309 3
96 138 3
97 230 3
98 59 3
99 193 3
100 130 3
101 110 3
102 136 3
103 111 3
104 123 3
105 96 3
106 87 3
107 122 3
108 102 3
109 158 3
110 347 3
111 153 3
112 174 3
113 136 3
114 170 3
115 158 3
116 136 3
117 203 3
118 167 3
119 168 3
131 185 1
132 304 1
133 527 1
134 439 1
135 484 1
136 264 1
137 279 1
138 369 1
139 473 1
140 393 1
141 314 1
142 440 1
143 445 1
144 327 1
145 314 1
146 333 1
147 306 1
148 287 1
149 320 1
150 213 1
151 541 1
152 481 1
153 553 1
154 533 1
155 285 1
156 361 1
157 339 1
158 370 1
159 308 1
160 311 1
161 320 1
162 706 1
163 654 1
164 237 1
165 260 1
166 103 1
167 300 1
168 222 1
169 244 1
170 308 1
171 336 1
172 239 1
173 271 1
174 754 1
175 320 1
176 183 1
177 307 1
178 212 1
179 266 1
180 203 2
193 587 2
194 334 2
195 224 2
196 369 2
197 150 2
198 287 2
199 463 2
200 342 2
201 221 2
202 271 2
203 495 2
204 203 2
205 326 2
206 295 2
207 261 2
208 614 2
209 210 2
210 151 2
211 728 2
212 432 2
213 317 2
214 460 2
215 304 2
216 114 2
217 207 2
218 532 2
219 168 2
220 223 2
221 633 2
222 136 2
223 181 2
224 255 2
225 172 2
226 615 2
227 530 2
228 268 2
229 188 2
230 525 2
231 214 2
232 297 2
233 215 2
234 363 2
235 121 2
236 351 2
237 455 2
238 612 2
239 411 2
240 193 2
241 362 2
242 296 2
243 455 2
244 442 2